mdl_baxter

L(1).qlim = [-1.7016 1.7016];   %S0
L(2).qlim = [-2.147 +1.047];    %S1
L(3).qlim = [-3.0541 3.0541];   %E0
L(4).qlim = [-0.05 +2.618];     %E1
L(5).qlim = [-3.059 3.059];     %W0
L(6).qlim = [-1.5707 +2.094];   %W1
L(7).qlim = [-3.059 3.059];     %W2